dataset A:
[87, 42, 68, 16, 43, 17, 38, 1, 10, 57, 59, 7, 61, 91, 60, 33, 70,
 71, 95, 96, 12, 49, 31, 58, 66, 84, 64, 34, 46, 83, 35, 94, 72, 
 30, 73, 39, 48, 47, 81, 55, 6, 41, 40, 5, 36, 37, 80, 25, 93, 28,
  22, 89, 3, 99, 62, 97, 50, 75, 21, 26, 92, 74, 67, 44, 51, 0, 14,
   65, 9, 82, 13, 19, 24, 4, 15, 52, 69, 85, 11, 29, 90, 27, 8, 18,
    56, 20, 45, 78, 79, 98, 86, 63, 32, 54, 77, 76, 53, 88, 2, 23]

dataset B:

[38, 46, 45, 51, 37, 50, 54, 46, 46, 48, 53, 42, 57, 58, 47, 59, 56,
 51, 48, 58, 57, 66, 36, 65, 56, 44, 40, 41, 47, 55, 61, 65, 49, 54,
58, 32, 54, 47, 46, 47, 58, 48, 46, 40, 47, 59, 48, 48, 48, 48, 44,
 54, 47, 45, 58, 57, 46, 49, 47, 39, 56, 38, 50, 59, 45, 49, 53, 47,
  33, 51, 44, 48, 53, 59, 48, 55, 64, 54, 45, 54, 57, 40, 52, 55, 47,
   42, 54, 49, 52, 44, 48, 62, 58, 41, 51, 51, 56, 53, 56, 55]